teleportenabled: true
teleportauto: false
godmode: false
muted: false
jailed: false
ip-address: 100.68.34.77
afk: false
socialspy: false
npc: false
powertoolsenabled: true
accepting-pay: true
baltop-exempt: false
timestamps:
  lastteleport: 1767836347994
  lastheal: 0
  mute: 0
  jail: 0
  onlinejail: 0
  logout: 1767892950144
  login: 1767889529216
  kits:
    firework: 1734198683900
    notch: 1734198708882
    dtools: 1734198718323
money: '5920172.03'
last-account-name: Mdinqt
logoutlocation:
  world: 11fe3125-1a72-4e95-b5da-eaf9942a1eef
  world-name: world
  x: 324.05688932377655
  y: 38.0
  z: 737.3995023447417
  yaw: 36.57470703125
  pitch: 3.1631054878234863
lastlocation:
  world: 11fe3125-1a72-4e95-b5da-eaf9942a1eef
  world-name: world
  x: -9.663113752182587
  y: 76.0
  z: -132.31672836975713
  yaw: -96.19361877441406
  pitch: 17.81003189086914
nickname: Mdinqt
homes:
  end:
    world: 947de99d-2926-4f07-88e5-e7655c17476d
    world-name: world_the_end
    x: 257.04179073508897
    y: 62.0
    z: 1186.6726093519721
    yaw: 98.52047729492188
    pitch: 21.795331954956055
  netherskeleton:
    world: 3b72096e-fcdb-4449-9e65-679d14e54294
    world-name: world_nether
    x: -36.57232125443322
    y: 52.0
    z: 219.66688491473187
    yaw: -56.117431640625
    pitch: 14.051271438598633
  icebear:
    world: 11fe3125-1a72-4e95-b5da-eaf9942a1eef
    world-name: world
    x: 263.5848013471126
    y: 71.11255982673161
    z: 748.5618426292496
    yaw: 154.4881591796875
    pitch: 26.56531524658203
